000000000000000
004400911761300
004401011562192
004401013445487
004401015668839
004401018182986
004401018417671
004401100501374 
004401101840062
004401101840862
351855010074856
351855017368855
351892019964878
351893013065688
351893013065902
352026025430587
352057020694570
352061021252818
352061029065923
352255010015067
352255010015083
352255010042947
352255010197980
352921020027562
352924020018722
352942020887235
35294202103922
352943020002759
353252011384195
353252011384245
353252011508835
353261010594589
353261017022550
353659010029482
354172020000039
354172020001839
354199021154556
354826020015228
354826020015335
354829022237451
354835014382833
356211003135103
356219002146187
356251011243762
356252010023932
356387020019395
356406020005475
356406020005954
356406020005996
356406022065204
356442010220964
356795023320984
356983010016605
356983010434931
356983012651656
356983015683086
356983016460930
356994016564100
357580001077072
357663010071110
357663010071284
357663016151361
357663017810643
357663017817846
357663018657589
358082012062382
358361001282817
358361009802343
358641010950771
358650010122299
358650010122315
358842002684564
358998013419612
358998018090525
359542011107487
359557010028336
359568019437139
359738005547841
359738006327516
359738009144553
358984016212311
358997016531951
352924020013913
351964030005906
004401102980022
351940034467995
004401102979842
004401106740703
359319024776487
359557010028088
004401102970270
352924020038829
359557010007850
354203030010534
004401106740554
354225030080233
004401106682525
004401106735935
353659010029888
004401107267789
355239030057793
351964030018263
354847014910059
356910037660628
355216030014644
355216030014768
354212030031929
354212030031267
353213030016960
352924020038753
359557010050264
359557010050215
356836020033582
355239031104362
359542015491176
359557010050439
355216033906846
359557010050249
359557010033575
359557010050223
352924020043662
352924020014242
004401102980048
004401102971765
355216035286411
351964030018107
355239030065242
354225030079433
356836021978454
354829024124913
355239038250457
359557010146823
351502045719408
356211004656941
356836020091259
354855020599675
356030030139643 
359357030772975